1111111111111G11111111111
1    11                 1
1     1          2      1
1     1                 1
1  2  1   2    1111111111
1     1                 1
1     1         2       1
1                       1
1                       1
1       1               G
1       1    1          1
1   2   1    1          1
1       1    1 1        1
1       1    1          1
1                       1
1                       1
1         2             1
1                       1
11111111111111111111    1
0                       1
0               1       1
0          2    1    2  1
1                       1
1               1       1
1111111111111111111111111