1111111111111111111111111
1                       1
1               2       1
1                       1
1                       1
1                       1
1                       1
1                       1
1     2                 1
1                       1
1           2           1
1                       1
1                       1
1                       1
1                       1
1                       1
1                       1
1                       1
1       2       2       1
1                       1
1                       G
1                       1
1                       1
1       2               1
1111111111111111111111111