111111111111111111111111111111111111111
111111111111111111111111111111111111111
1            1111111111111111         1
1      2          111111      2       1
1                  111                1
1                   1                 1
1                                     1
1                   1                 1
G                   1                 1
1                   1                 1
1                   1                 1
1                                     1
1        2          1                 1
1                   1         2       1
1                   1                 1
111111111111111111111111111111111111111